


--------------------------------------
J, L, S, T, Z Tetromino Wall Kick Data
Clockwise
0->1	( 0, 0)	(-1, 0)	(-1,+1)	( 0,-2)	(-1,-2)
1->2	( 0, 0)	(+1, 0)	(+1,-1)	( 0,+2)	(+1,+2)
2->3	( 0, 0)	(+1, 0)	(+1,+1)	( 0,-2)	(+1,-2)
3->0	( 0, 0)	(-1, 0)	(-1,-1)	( 0,+2)	(-1,+2)

Counterclockwise
0->3	( 0, 0)	(+1, 0)	(+1,+1)	( 0,-2)	(+1,-2)
1->0	( 0, 0)	(+1, 0)	(+1,-1)	( 0,+2)	(+1,+2)
2->1	( 0, 0)	(-1, 0)	(-1,+1)	( 0,-2)	(-1,-2)
3->2	( 0, 0)	(-1, 0)	(-1,-1)	( 0,+2)	(-1,+2)
--------------------------------------

--------------------------------------
I Tetromino Wall Kick Data
Clockwise
0->1	( 0, 0)	(-2, 0)	(+1, 0)	(-2,-1)	(+1,+2)
1->2	( 0, 0)	(-1, 0)	(+2, 0)	(-1,+2)	(+2,-1)
2->3	( 0, 0)	(+2, 0)	(-1, 0)	(+2,+1)	(-1,-2)
3->0	( 0, 0)	(+1, 0)	(-2, 0)	(+1,-2)	(-2,+1)

Counterclockwise
0->3	( 0, 0)	(-1, 0)	(+2, 0)	(-1,+2)	(+2,-1)
1->0	( 0, 0)	(+2, 0)	(-1, 0)	(+2,+1)	(-1,-2)
2->1	( 0, 0)	(+1, 0)	(-2, 0)	(+1,-2)	(-2,+1)
3->2	( 0, 0)	(-2, 0)	(+1, 0)	(-2,-1)	(+1,+2)
--------------------------------------